10081988
10094530
10160943
10169927
10231228
10239947
10354256
10370087
10435436
10512116
10571424
10619638
10636380
10641704
10652502
10664788
10712251
10716572
10720646
10753978
10754247
10765675
10771641
10775534
10779304
10782027
10830735
10861529
10870524
10876777
10889650
10910118
10938738
10942681
10948549
10977422
11004446
11016626
11034607
11049980
11056767
11061024
11074471
11084258
11087100
11096934
11109891
11126816
11130559
11175770
11175821
11177169
11180144
11181307
11183922
11185664
11196421
11213077
11214072
11220500
11227945
11245480
11278143
11287771
11289729
11290140
11299072
11303238
11314332
11326595
11358401
11371670
11386077
11391518
11401950
11408257
11409932
11411091
11416139
11419182
11430092
11432175
11449975
7031904
7237004
8054218
9009523
9223065
9362525
9550874
9620837
9723224
9907215
9918597
10061751
10152363
10192859
10286591
10327638
10372428
10379649
10405829
10417320
10459573
10492409
10504320
10541250
10546754
10605306
10629372
10674704
10713403
10722716
10724812
10775146
10776101
10797126
10812647
10821911
10836175
10837757
10847955
10889106
10923650
10945280
10954769
10954899
11027373
11050154
11061387
11074152
11074813
11107432
11110522
11146203
11175241
11195940
11213352
11219581
11226115
11227199
11232464
11241432
11242823
11247819
11254678
11256482
11267109
11275076
11277449
11289021
11292763
11299977
11313885
11314441
11316019
11331655
11331974
11332299
11333615
11339278
11344381
11351350
11353514
11364438
11375381
11388112
11388185
11394746
11394821
11395463
11395597
11406060
11406715
11419523
11420162
11420609
11421890
11428544
11430725
11433587
7602094
8660096
9173785
9381599
9399845
9525107
9974875
10045478
10133508
10175202
10439011
10503605
10570844
10602794
10775040
10813879
10865647
10874427
10917293
10931380
10940018
10962132
11011551
11022016
11068546
11111687
11117832
11148333
11180407
11227899
11252048
11262529
11265177
11272835
11322851
11326302
11335121
11336497
11345398
11346270
11346548
11347219
11368692
11371607
11392864
11397536
11399056
11401294
11432332
11444815
8063580
8589634
9559815
9772900
